cameraMatrix = [[1044.1864904173779, 0.0, 635.0682445678316], [0.0, 1044.03617599857, 510.95907617472704], [0.0, 0.0, 1.0]]

distCoeffs = [-0.31753908647886453, 0.12074143192937196, 0.0016832721436612172, 0.0006329510678878891, -0.02993725394009599]
