cameraMatrix = [[1.304288975614667e+03, 0.134092532584311, 6.586397018283357e+02], [0.0, 1.302692968000592e+03, 4.900687489792704e+02], [0.0, 0.0, 1.0]]

distCoeffs = [-0.494124151833896, 0.284400694486863, 0.00184580614313972, 0.00156592825093756, 0.0]