cameraMatrix = [[1.30161072e+03, 0.0, 6.65920641e+02], [0.0, 1.30289452e+03, 5.09983987e+02], [0.0, 0.0, 1.0]]

distCoeffs = [-4.98089049e-01, 4.27962976e-01, -3.56114307e-03, -3.35744316e-04, -5.79237391e-01]