cameraMatrix = [[1.32383481e+03, 0.00000000e+00, 6.32070428e+02], [0.00000000e+00, 1.32421904e+03, 5.03805720e+02], [0.00000000e+00, 0.00000000e+00, 1.00000000e+00]]


distCoeffs = [-0.54193613, 0.48919928, 0.00446758, 0.00107626, -0.38818986]