cameraMatrix = [[1.284867217342028e+03, 0, 6.422733460860135e+02], [0, 1.285933056992931e+03 ,5.092338730716267e+02], [0, 0, 1]]

distCoeffs = [-0.473739846446365, 0.216582818603403, 7.589118806602900e-04, -0.001401050583052, 0]

vector_to_gimbal = [0, 60, 155]
