import numpy as np

# cameraMatrix = np.float32([[2685.5888986063783, 0.0, 637.8338990244315], [0.0, 2686.8448247289043, 484.8029140902291], [0.0, 0.0, 1.0]])
# distCoeffs = np.float32([-0.6451964334810214, 2.342495989430525, -0.0010721772387436309, 0.0027369208041151828, -12.454941257403226])
# R_camera2gimbal = np.float32([[0.9998908185229204, 0.0035110754530246163, -0.014353514647206987], [-0.0030199187883508875, 0.9994139255865652, 0.03409817347253564], [0.014464823679401793, -0.034051104135028216, 0.9993154112606836]])
# t_camera2gimbal = np.float32([[-6.885370749714475], [-49.94156777719299], [202.63489948191076]])
# # 重投影误差: 0.0058px
# # 相机相对于云台: yaw=-0.82 pitch=-1.95 roll=-0.17

cameraMatrix = np.float32([[2669.909625224474, 0.0, 640.6670246219624], [0.0, 2671.291309921763, 481.8159677785095], [0.0, 0.0, 1.0]])
distCoeffs = np.float32([-0.6490353315077046, 2.531302734459057, -0.0005867665575719381, 0.0023894022463646124, -13.79699312278545])
R_camera2gimbal = np.float32([[0.9998937763184462, -0.002481545298625645, -0.014362381855668224], [0.0029152788521751337, 0.9995378838020369, 0.030257560935411463], [0.014280659258284239, -0.030296217213984757, 0.9994389436046965]])
t_camera2gimbal = np.float32([[-4.740894714130736], [-50.94110952399879], [209.19806339983464]])
# 重投影误差: 0.0072px
# 相机相对于云台: yaw=-0.82 pitch=-1.73 roll=0.17

# cameraMatrix = np.float32([[2704.728653914208, 0.0, 638.2142314016711], [0.0, 2705.9885015742634, 489.29677440760184], [0.0, 0.0, 1.0]])
# distCoeffs = np.float32([-0.6529521173201531, 2.3659583441954655, -0.0016921078304805168, 0.0024472026760420217, -12.494159086793578])
# R_camera2gimbal = np.float32([[0.9999053629243378, 0.000217824301000946, -0.01375564421326564], [0.00029088862636440804, 0.9993163595798961, 0.036969296176572006], [0.013754293109975042, -0.036969798870942525, 0.9992217238393523]])
# t_camera2gimbal = np.float32([[-11.480313844019676], [-49.941982277473144], [185.72962425813685]])
# # 重投影误差: 0.0056px
# # 相机相对于云台: yaw=-0.79 pitch=-2.12 roll=0.02

gun_up_degree = 3
gun_right_degree = 0
